FFT	AudioTools 	v17.3 (104) iPad battery  95%	7/2/2024, 12:29 pm	USB-C to 3.5mm Headphone Jack Adapter L Mic High Range	1092074A-BD1B-4207-819B-4BCB4732E7F0
Frequency	dB	Unweighted
19.5	67.3
19.8	67.3
20.1	67.5
20.3	67.6
20.6	67.7
20.9	67.8
21.2	67.9
21.6	68
21.9	68.2
22.2	68.3
22.5	68.5
22.8	68.6
23.2	68.7
23.5	68.9
23.8	69
24.2	69.1
24.5	69.3
24.9	69.5
25.3	69.6
25.6	69.8
26	69.9
26.4	70
26.8	70.1
27.2	70.2
27.5	70.3
28	70.3
28.4	70.4
28.8	70.4
29.2	70.5
29.6	70.7
30	70.7
30.5	70.9
30.9	71
31.4	71
31.8	71
32.3	71
32.8	71
33.2	71
33.7	71
34.2	71
34.7	71.1
35.2	71.2
35.7	71.2
36.2	71.3
36.8	71.4
37.3	71.5
37.9	71.6
38.4	71.8
39	71.9
39.5	72
40.1	72
40.7	72
41.3	72
41.9	72
42.5	72.1
43.1	72.3
43.7	72.5
44.4	72.6
45	72.6
45.7	72.5
46.3	72.5
47	72.7
47.7	73.1
48.4	73.3
49.1	73.3
49.8	72.9
50.5	72.4
51.3	72.2
52	72.1
52.8	72.2
53.5	72.2
54.3	72.2
55.1	72.2
55.9	72.2
56.7	72.5
57.5	72.9
58.4	73.1
59.2	73.1
60.1	73.1
61	73.1
61.8	73.1
62.7	72.9
63.7	72.8
64.6	72.6
65.5	72.5
66.5	72.5
67.4	72.6
68.4	72.7
69.4	73
70.4	73.2
71.5	73.3
72.5	73.3
73.5	73.3
74.6	73.2
75.7	73.1
76.8	73
77.9	72.9
79.1	72.7
80.2	72.6
81.4	72.7
82.6	72.7
83.8	72.7
85	72.8
86.2	72.9
87.5	73
88.7	73
90	73.2
91.3	73.1
92.7	73
94	73.1
95.4	73.3
96.8	73.2
98.2	73.3
99.6	73.4
101	73.2
103	73.2
104	73.2
106	73.2
107	73.2
109	73.2
110	72.9
112	72.8
113	72.9
115	72.9
117	72.9
118	72.7
120	72.7
122	72.9
124	73
125	72.9
127	72.7
129	72.7
131	72.7
133	72.6
135	72.6
137	72.7
139	72.6
141	72.5
143	72.4
145	72.4
147	72.3
149	72.3
151	72.2
154	72.1
156	71.9
158	71.9
160	72
163	72.1
165	72.1
168	72
170	71.9
172	71.8
175	71.7
177	71.7
180	71.8
183	71.6
185	71.7
188	71.6
191	71.5
194	71.6
196	71.4
199	71.3
202	71.3
205	71.4
208	71.3
211	71.3
214	71.2
217	71.1
220	71
224	70.9
227	71
230	71
234	70.9
237	70.9
240	70.8
244	71
247	71.2
251	71
255	70.7
258	70.5
262	70.5
266	70.6
270	70.4
274	70.3
278	70.5
282	70.5
286	70.4
290	70.3
294	70.3
298	70.2
303	70.1
307	70.1
312	70
316	70
321	69.9
325	70
330	70.1
335	69.9
340	69.6
345	69.6
350	69.6
355	69.8
360	69.8
365	69.6
371	69.6
376	69.6
382	69.5
387	69.4
393	69.4
398	69.4
404	69.5
410	69.6
416	69.5
422	69.5
428	69.5
434	69.4
441	69.3
447	69.3
454	69.3
460	69.4
467	69.3
474	69.3
481	69.4
488	69.3
495	69.2
502	69.2
509	69.3
517	69.3
524	69.3
532	69.3
540	69.3
547	69.1
555	69.1
563	69.3
572	69.2
580	69.1
588	69.1
597	69.1
606	69
614	69.2
623	69.2
632	69.1
642	69
651	69
660	69.1
670	69
680	69
690	69
700	69
710	69.2
720	69.1
731	69
741	69
752	69
763	69.1
774	68.8
785	68.8
797	69
808	69.1
820	69.1
832	69
844	69
856	69.1
869	69.2
882	69.2
894	69.2
907	69.3
921	69.3
934	69.3
948	69.5
961	69.5
975	69.6
990	69.7
1004	69.8
1019	69.9
1033	70
1048	70.1
1064	70.2
1079	70.4
1095	70.6
1111	70.7
1127	70.8
1143	71
1160	71.1
1177	71.1
1194	71.3
1211	71.5
1229	71.8
1247	71.9
1265	71.9
1283	72.1
1302	72.2
1321	72.4
1340	72.6
1360	72.6
1379	72.8
1399	72.9
1420	73.1
1440	73.2
1461	73.4
1483	73.6
1504	73.7
1526	73.9
1548	74
1571	74.1
1594	74.2
1617	74.4
1640	74.5
1664	74.6
1688	74.8
1713	75
1738	75.2
1763	75.3
1789	75.5
1815	75.6
1841	75.8
1868	76
1895	76.1
1923	76.1
1951	76.3
1979	76.4
2008	76.6
2037	76.7
2067	76.9
2097	76.9
2127	77
2158	77
2190	77.1
2221	76.9
2254	76.9
2287	76.7
2320	76.6
2354	76.5
2388	76.3
2423	76
2458	75.9
2494	75.7
2530	75.5
2567	75.2
2604	75.1
2642	74.8
2680	74.6
2719	74.4
2759	74.3
2799	74.1
2840	73.9
2881	73.7
2923	73.6
2965	73.5
3008	73.4
3052	73.2
3097	73.2
3142	73.2
3187	73.2
3234	73.2
3281	73.2
3328	73.2
3377	73.1
3426	73.1
3476	73.2
3526	73.2
3578	73.3
3630	73.3
3682	73.3
3736	73.4
3790	73.4
3846	73.5
3901	73.6
3958	73.8
4016	73.9
4074	73.9
4133	74.1
4194	74.3
4255	74.4
4316	74.5
4379	74.7
4443	74.8
4508	75
4573	75
4640	75
4707	74.8
4776	74.3
4845	73.5
4916	72.5
4987	71.8
5060	70.7
5133	69.9
5208	69.4
5284	69.2
5360	68.9
5438	68.8
5518	68.7
5598	68.6
5679	68.6
5762	68.6
5846	68.7
5931	69
6017	69.3
6104	69.7
6193	70.3
6283	70.6
6375	70.9
6467	71.6
6561	72
6657	72.5
6754	72.7
6852	72.9
6952	73
7053	73.2
7155	73.4
7259	73.6
7365	73.8
7472	73.9
7581	74.1
7691	74.4
7803	74.6
7916	74.8
8032	74.7
8148	74.5
8267	74
8387	73.4
8509	73
8633	72.5
8758	72
8886	71.7
9015	71.5
9146	71.5
9279	71.5
9414	71.7
9551	71.7
9690	71.6
9831	71.9
9974	72.4
10119	71.9
10266	71.2
10416	70.3
10567	69.8
10721	69.3
10877	68.8
11035	68.4
11196	68.1
11358	67.7
11524	67.4
11691	67.2
11861	66.9
12034	66.9
12209	66.8
12386	66.9
12567	67
12749	67.1
12935	67.1
13123	66.9
13314	66.5
13507	65.9
13704	65.3
13903	64.9
14105	64.5
14311	64.1
14519	64
14730	64
14944	64
15162	64.1
15382	65
15606	66.3
15833	67.2
16063	69
16297	71
16534	73.5
16774	75.3
17018	75.8
17266	75.5
17517	73.9
17772	71.6
18030	69.5
18293	65.6
18559	61.2
18829	56.1
19102	52.8
19380	51.1
20000	48.6
overall dB	95.9 dB
decay	Average
averaging	1/24 Octave
source	USB-C to 3.5mm Headphone Jack Adapter L Mic High Range
latitude	-37.827
longitude	144.998
saved	7/2/2024, 12:29 pm
peak	48.3Hz
