FFT	AudioTools 	v17.3 (104) iPad battery 100%	7/2/2024, 12:15 pm	USB-C to 3.5mm Headphone Jack Adapter L Mic High Range	1092074A-BD1B-4207-819B-4BCB4732E7F0
Frequency	dB	Unweighted
19.5	78.2
19.8	78.2
20.1	78.2
20.3	78.2
20.6	78.2
20.9	78.2
21.2	78.3
21.6	78.3
21.9	78.4
22.2	78.5
22.5	78.5
22.8	78.5
23.2	78.6
23.5	78.6
23.8	78.6
24.2	78.6
24.5	78.6
24.9	78.6
25.3	78.6
25.6	78.6
26	78.6
26.4	78.6
26.8	78.6
27.2	78.6
27.5	78.6
28	78.6
28.4	78.5
28.8	78.5
29.2	78.4
29.6	78.5
30	78.5
30.5	78.7
30.9	78.7
31.4	78.8
31.8	78.8
32.3	78.7
32.8	78.7
33.2	78.7
33.7	78.7
34.2	78.8
34.7	78.9
35.2	79
35.7	79
36.2	79
36.8	78.9
37.3	78.8
37.9	78.6
38.4	78.5
39	78.5
39.5	78.6
40.1	78.6
40.7	78.6
41.3	78.6
41.9	78.6
42.5	78.6
43.1	78.7
43.7	78.8
44.4	78.9
45	78.8
45.7	78.6
46.3	78.4
47	78.4
47.7	78.6
48.4	78.8
49.1	78.9
49.8	78.8
50.5	78.7
51.3	78.6
52	78.6
52.8	78.5
53.5	78.5
54.3	78.4
55.1	78.3
55.9	78.1
56.7	77.9
57.5	77.9
58.4	77.8
59.2	77.8
60.1	77.8
61	77.8
61.8	77.8
62.7	77.8
63.7	77.9
64.6	78
65.5	78
66.5	78
67.4	78
68.4	78.1
69.4	78.2
70.4	78.2
71.5	78.2
72.5	78.2
73.5	78
74.6	77.7
75.7	77.5
76.8	77.4
77.9	77.5
79.1	77.6
80.2	77.5
81.4	77.3
82.6	77.2
83.8	77
85	77.1
86.2	77.2
87.5	77.3
88.7	77.3
90	77.3
91.3	77.1
92.7	77
94	77.2
95.4	77.2
96.8	77
98.2	76.9
99.6	77
101	76.9
103	76.8
104	76.6
106	76.6
107	76.6
109	76.6
110	76.4
112	76.3
113	76.2
115	76.3
117	76.3
118	76.3
120	76.3
122	76.1
124	75.9
125	75.6
127	75.5
129	75.7
131	75.6
133	75.6
135	75.6
137	75.5
139	75.2
141	75.1
143	75
145	74.9
147	75
149	75
151	74.9
154	74.8
156	74.6
158	74.7
160	74.7
163	74.7
165	74.6
168	74.4
170	74.3
172	74.1
175	74.1
177	74.1
180	74.2
183	74.2
185	74
188	73.8
191	73.8
194	73.8
196	73.7
199	73.6
202	73.5
205	73.3
208	73.1
211	73.1
214	73.2
217	73.2
220	73.1
224	73
227	72.9
230	72.8
234	72.7
237	72.7
240	72.5
244	72.6
247	72.7
251	72.6
255	72.5
258	72.3
262	72.2
266	72.2
270	72.1
274	72.2
278	72
282	72
286	72
290	71.9
294	71.7
298	71.5
303	71.4
307	71.4
312	71.3
316	71.2
321	71.2
325	71.2
330	71.2
335	71
340	70.7
345	70.6
350	70.7
355	70.8
360	70.8
365	70.8
371	70.8
376	70.8
382	70.6
387	70.5
393	70.4
398	70.3
404	70.4
410	70.3
416	70.1
422	70.1
428	70.1
434	70
441	69.9
447	69.8
454	69.9
460	69.8
467	69.8
474	69.7
481	69.8
488	69.8
495	69.7
502	69.6
509	69.6
517	69.6
524	69.5
532	69.4
540	69.3
547	69.5
555	69.5
563	69.4
572	69.3
580	69.3
588	69.4
597	69.3
606	69.3
614	69.3
623	69.2
632	69.1
642	69.1
651	69.1
660	69
670	69
680	68.9
690	69
700	69
710	68.9
720	69
731	69
741	68.9
752	68.9
763	68.8
774	68.8
785	68.8
797	68.8
808	68.8
820	68.8
832	68.8
844	68.9
856	68.9
869	68.9
882	68.9
894	69
907	69
921	69.1
934	69.1
948	69.3
961	69.3
975	69.3
990	69.4
1004	69.5
1019	69.5
1033	69.7
1048	69.9
1064	70
1079	70.2
1095	70.4
1111	70.4
1127	70.6
1143	70.9
1160	71
1177	71.2
1194	71.3
1211	71.4
1229	71.6
1247	71.7
1265	71.7
1283	71.9
1302	72.1
1321	72.3
1340	72.5
1360	72.6
1379	72.8
1399	72.9
1420	73.1
1440	73.2
1461	73.3
1483	73.5
1504	73.6
1526	73.8
1548	73.9
1571	74.1
1594	74.2
1617	74.5
1640	74.6
1664	74.7
1688	74.9
1713	75.1
1738	75.2
1763	75.5
1789	75.5
1815	75.8
1841	75.8
1868	76
1895	76.2
1923	76.3
1951	76.5
1979	76.5
2008	76.7
2037	76.7
2067	76.7
2097	76.9
2127	76.9
2158	76.9
2190	76.9
2221	76.9
2254	76.8
2287	76.8
2320	76.6
2354	76.5
2388	76.3
2423	76.1
2458	75.9
2494	75.7
2530	75.6
2567	75.3
2604	75
2642	74.8
2680	74.7
2719	74.5
2759	74.2
2799	74
2840	73.9
2881	73.8
2923	73.7
2965	73.5
3008	73.3
3052	73.3
3097	73.2
3142	73.2
3187	73.1
3234	73
3281	73
3328	73
3377	73
3426	73
3476	73
3526	73
3578	73.1
3630	73.1
3682	73.2
3736	73.3
3790	73.4
3846	73.5
3901	73.6
3958	73.8
4016	73.9
4074	74
4133	74.1
4194	74.3
4255	74.5
4316	74.6
4379	74.7
4443	74.8
4508	74.9
4573	74.9
4640	74.9
4707	74.8
4776	74.2
4845	73.5
4916	72.5
4987	71.7
5060	70.6
5133	69.8
5208	69.3
5284	69.1
5360	68.8
5438	68.7
5518	68.6
5598	68.5
5679	68.5
5762	68.6
5846	68.7
5931	68.9
6017	69.2
6104	69.5
6193	70.1
6283	70.5
6375	70.7
6467	71.4
6561	71.8
6657	72.3
6754	72.5
6852	72.6
6952	72.7
7053	72.9
7155	73
7259	73.2
7365	73.3
7472	73.5
7581	73.7
7691	74
7803	74.3
7916	74.6
8032	74.6
8148	74.5
8267	74.3
8387	73.8
8509	73.4
8633	72.9
8758	72.5
8886	72.1
9015	71.9
9146	71.9
9279	71.9
9414	72
9551	72.1
9690	72.1
9831	72.4
9974	73
10119	72.5
10266	71.6
10416	70.5
10567	70
10721	69.3
10877	68.8
11035	68.4
11196	68.1
11358	67.8
11524	67.5
11691	67.2
11861	66.9
12034	66.8
12209	66.8
12386	66.9
12567	67
12749	67
12935	66.9
13123	66.8
13314	66.4
13507	65.7
13704	65.1
13903	64.7
14105	64.2
14311	63.9
14519	63.7
14730	63.7
14944	63.6
15162	63.7
15382	64.6
15606	65.8
15833	66.8
16063	68.5
16297	70.4
16534	72.8
16774	74.5
17018	75
17266	74.7
17517	73.2
17772	71
18030	69.1
18293	65.2
18559	60.7
18829	55.4
19102	51.8
19380	50
20000	47.1
overall dB	99.3 dB
decay	Average
averaging	1/24 Octave
source	USB-C to 3.5mm Headphone Jack Adapter L Mic High Range
latitude	-37.827
longitude	144.998
saved	7/2/2024, 12:15 pm
peak	18.8Hz
