FFT	AudioTools 	v17.3 (104) iPad battery  90%	7/2/2024, 12:35 pm	USB-C to 3.5mm Headphone Jack Adapter L Mic High Range	1092074A-BD1B-4207-819B-4BCB4732E7F0
Frequency	dB	Unweighted
19.5	67.5
19.8	67.6
20.1	67.7
20.3	67.8
20.6	68
20.9	68.1
21.2	68.2
21.6	68.3
21.9	68.5
22.2	68.6
22.5	68.7
22.8	68.8
23.2	68.9
23.5	69
23.8	69.1
24.2	69.1
24.5	69.2
24.9	69.3
25.3	69.4
25.6	69.5
26	69.6
26.4	69.7
26.8	69.7
27.2	69.8
27.5	69.8
28	69.9
28.4	69.9
28.8	69.9
29.2	70
29.6	70.2
30	70.3
30.5	70.5
30.9	70.6
31.4	70.7
31.8	70.7
32.3	70.7
32.8	70.7
33.2	70.7
33.7	70.7
34.2	70.8
34.7	70.9
35.2	71.1
35.7	71.1
36.2	71.2
36.8	71.1
37.3	71.1
37.9	71.1
38.4	71.2
39	71.3
39.5	71.4
40.1	71.5
40.7	71.6
41.3	71.6
41.9	71.7
42.5	71.8
43.1	72
43.7	72.1
44.4	72.2
45	72.2
45.7	72.1
46.3	71.9
47	72.1
47.7	72.4
48.4	72.6
49.1	72.8
49.8	72.7
50.5	72.5
51.3	72.4
52	72.3
52.8	72.3
53.5	72.3
54.3	72.4
55.1	72.3
55.9	72.3
56.7	72.3
57.5	72.3
58.4	72.4
59.2	72.4
60.1	72.4
61	72.4
61.8	72.5
62.7	72.6
63.7	72.7
64.6	72.8
65.5	72.8
66.5	72.8
67.4	72.8
68.4	72.9
69.4	73.1
70.4	73.1
71.5	73.2
72.5	73.2
73.5	73.1
74.6	72.8
75.7	72.7
76.8	72.7
77.9	72.8
79.1	72.8
80.2	72.8
81.4	72.7
82.6	72.6
83.8	72.5
85	72.6
86.2	72.8
87.5	72.8
88.7	72.8
90	72.9
91.3	72.8
92.7	72.8
94	73
95.4	73
96.8	72.8
98.2	72.8
99.6	73.1
101	73.1
103	73
104	72.9
106	72.8
107	72.8
109	72.9
110	72.8
112	72.6
113	72.6
115	72.7
117	72.8
118	72.7
120	72.7
122	72.7
124	72.6
125	72.4
127	72.3
129	72.4
131	72.5
133	72.4
135	72.5
137	72.6
139	72.3
141	72.2
143	72
145	71.9
147	71.9
149	72
151	71.9
154	71.8
156	71.7
158	71.7
160	71.8
163	71.9
165	71.8
168	71.6
170	71.6
172	71.4
175	71.3
177	71.3
180	71.3
183	71.3
185	71.3
188	71.2
191	71.2
194	71.4
196	71.4
199	71.3
202	71.3
205	71.1
208	70.9
211	70.9
214	71.1
217	71.1
220	71
224	70.9
227	70.7
230	70.6
234	70.5
237	70.5
240	70.3
244	70.5
247	70.7
251	70.7
255	70.6
258	70.4
262	70.3
266	70.4
270	70.3
274	70.4
278	70.3
282	70.2
286	70.3
290	70.2
294	70
298	69.8
303	69.7
307	69.7
312	69.7
316	69.6
321	69.5
325	69.6
330	69.9
335	69.7
340	69.4
345	69.4
350	69.5
355	69.7
360	69.8
365	69.9
371	69.9
376	69.8
382	69.6
387	69.4
393	69.4
398	69.4
404	69.6
410	69.5
416	69.3
422	69.3
428	69.3
434	69.2
441	69.2
447	69.2
454	69.2
460	69.3
467	69.1
474	69.1
481	69.1
488	69.2
495	69.2
502	69.2
509	69.3
517	69.3
524	69.2
532	69.1
540	69
547	69.1
555	69.1
563	69.2
572	69.2
580	69.2
588	69.2
597	69.2
606	69.2
614	69.2
623	69.1
632	69.1
642	69.1
651	69.1
660	69.1
670	69.1
680	69.1
690	69.2
700	69.1
710	69.1
720	69.2
731	69.2
741	69.2
752	69.2
763	69.3
774	69.2
785	69.2
797	69.2
808	69.3
820	69.3
832	69.3
844	69.2
856	69.3
869	69.3
882	69.4
894	69.5
907	69.5
921	69.6
934	69.6
948	69.8
961	69.7
975	69.7
990	69.9
1004	69.9
1019	70
1033	70.1
1048	70.3
1064	70.4
1079	70.6
1095	70.8
1111	70.9
1127	71.1
1143	71.3
1160	71.4
1177	71.5
1194	71.6
1211	71.7
1229	72
1247	72
1265	72
1283	72.1
1302	72.3
1321	72.5
1340	72.7
1360	72.7
1379	72.9
1399	73
1420	73.1
1440	73.3
1461	73.4
1483	73.6
1504	73.6
1526	73.8
1548	73.9
1571	74.1
1594	74.2
1617	74.4
1640	74.5
1664	74.6
1688	74.8
1713	75
1738	75.1
1763	75.4
1789	75.4
1815	75.7
1841	75.7
1868	75.9
1895	76.1
1923	76.2
1951	76.4
1979	76.4
2008	76.6
2037	76.7
2067	76.7
2097	76.9
2127	76.9
2158	77
2190	77
2221	77
2254	77
2287	76.9
2320	76.7
2354	76.6
2388	76.3
2423	76.1
2458	75.9
2494	75.7
2530	75.6
2567	75.3
2604	75.1
2642	74.9
2680	74.7
2719	74.5
2759	74.2
2799	74
2840	73.9
2881	73.8
2923	73.6
2965	73.5
3008	73.4
3052	73.3
3097	73.2
3142	73.2
3187	73.1
3234	73.1
3281	73.1
3328	73.2
3377	73.2
3426	73.2
3476	73.2
3526	73.3
3578	73.4
3630	73.4
3682	73.5
3736	73.6
3790	73.7
3846	73.8
3901	74
3958	74.1
4016	74.2
4074	74.3
4133	74.5
4194	74.7
4255	74.9
4316	75
4379	75.2
4443	75.4
4508	75.5
4573	75.6
4640	75.6
4707	75.5
4776	75.2
4845	74.7
4916	73.9
4987	73.3
5060	72.3
5133	71.4
5208	70.8
5284	70.5
5360	70.1
5438	69.9
5518	69.8
5598	69.7
5679	69.7
5762	69.7
5846	69.9
5931	70.1
6017	70.5
6104	70.8
6193	71.4
6283	72
6375	72.4
6467	72.7
6561	73
6657	73.3
6754	73.5
6852	73.7
6952	73.9
7053	74.1
7155	74.4
7259	74.5
7365	74.6
7472	74.6
7581	74.7
7691	74.9
7803	74.9
7916	74.8
8032	74.5
8148	74.1
8267	73.6
8387	73.1
8509	72.8
8633	72.4
8758	72.1
8886	71.9
9015	71.9
9146	71.9
9279	71.9
9414	71.9
9551	72
9690	72.5
9831	72.5
9974	71.7
10119	70.9
10266	70
10416	69
10567	68.6
10721	68.1
10877	67.6
11035	67.2
11196	67
11358	66.6
11524	66.4
11691	66.2
11861	66
12034	66
12209	66.1
12386	66.3
12567	66.6
12749	66.9
12935	66.9
13123	66.8
13314	66.6
13507	66
13704	65.4
13903	65.1
14105	64.6
14311	64.2
14519	63.8
14730	63.8
14944	64.1
15162	64.8
15382	66.4
15606	68.1
15833	69.3
16063	71.5
16297	73.6
16534	75.9
16774	77.2
17018	77.3
17266	76.4
17517	73.4
17772	69.8
18030	67.3
18293	63.2
18559	58.9
18829	53.6
19102	49.3
19380	46.6
20000	42.6
overall dB	95.9 dB
decay	Average
averaging	1/24 Octave
source	USB-C to 3.5mm Headphone Jack Adapter L Mic High Range
latitude	-37.827
longitude	144.998
saved	7/2/2024, 12:35 pm
peak	48.3Hz
