FFT	AudioTools 	v17.2 (94) iPad battery  90%	2/2/2024, 7:14 pm	USB-C to 3.5mm Headphone Jack Adapter L Mic Low Range	1092074A-BD1B-4207-819B-4BCB4732E7F0
Frequency	dB	Unweighted
19.5	72.9
19.8	72.8
20.1	72.8
20.3	72.8
20.6	72.8
20.9	72.9
21.2	72.9
21.6	72.9
21.9	73
22.2	73
22.5	73.1
22.8	73.1
23.2	73.2
23.5	73.2
23.8	73.3
24.2	73.3
24.5	73.4
24.9	73.4
25.3	73.4
25.6	73.4
26	73.4
26.4	73.5
26.8	73.6
27.2	73.8
27.5	73.9
28	74.2
28.4	74.2
28.8	74.3
29.2	74.2
29.6	74.2
30	74
30.5	73.9
30.9	73.8
31.4	73.7
31.8	73.6
32.3	73.5
32.8	73.5
33.2	73.4
33.7	73.3
34.2	73.3
34.7	73.5
35.2	73.6
35.7	73.6
36.2	73.7
36.8	73.8
37.3	73.8
37.9	73.9
38.4	73.9
39	74
39.5	74
40.1	73.9
40.7	73.5
41.3	73.2
41.9	72.9
42.5	72.9
43.1	73
43.7	73.3
44.4	73.3
45	73.1
45.7	73
46.3	72.9
47	72.9
47.7	73
48.4	73.1
49.1	73.2
49.8	73.2
50.5	73.2
51.3	73.1
52	72.9
52.8	72.6
53.5	72.4
54.3	72.1
55.1	71.9
55.9	71.9
56.7	71.9
57.5	72
58.4	71.9
59.2	71.7
60.1	71.6
61	71.5
61.8	71.3
62.7	71.1
63.7	71
64.6	71
65.5	71.1
66.5	71.1
67.4	71.2
68.4	71.3
69.4	71.2
70.4	71
71.5	71
72.5	71
73.5	70.7
74.6	70.5
75.7	70.4
76.8	70.6
77.9	70.8
79.1	70.7
80.2	70.5
81.4	70.1
82.6	69.8
83.8	69.7
85	69.9
86.2	70.2
87.5	70.2
88.7	70
90	69.8
91.3	69.7
92.7	69.7
94	69.8
95.4	69.7
96.8	69.6
98.2	69.6
99.6	69.5
101	69.5
103	69.5
104	69.6
106	69.5
107	69.4
109	69.4
110	69.3
112	69.1
113	69.1
115	69.3
117	69.2
118	69
120	68.9
122	68.8
124	68.8
125	69
127	69.9
129	70.2
131	69.6
133	68.9
135	68.9
137	68.8
139	68.4
141	68.4
143	68.5
145	68.3
147	68.1
149	68
151	68.1
154	68.2
156	68.1
158	68
160	67.9
163	67.5
165	67.5
168	67.7
170	67.8
172	67.9
175	67.7
177	67.6
180	67.7
183	67.7
185	67.6
188	67.6
191	67.7
194	67.7
196	67.4
199	67.4
202	67.5
205	67.7
208	67.7
211	67.9
214	67.9
217	67.3
220	67.1
224	67.1
227	67.1
230	67.1
234	67.2
237	67.5
240	67.5
244	67.5
247	67.6
251	67.6
255	67.6
258	67.2
262	67.4
266	67.6
270	67.8
274	67.8
278	67.8
282	67.8
286	67.7
290	67.9
294	68.1
298	68
303	68
307	68.2
312	68.3
316	68.5
321	68.4
325	68.4
330	68.5
335	68.6
340	68.4
345	68.2
350	68.3
355	68.4
360	68.5
365	68.5
371	68.6
376	68.6
382	68.6
387	68.7
393	68.7
398	68.7
404	68.5
410	68.4
416	68.7
422	68.7
428	68.8
434	68.7
441	68.4
447	68.5
454	68.6
460	68.6
467	68.6
474	68.5
481	68.5
488	68.4
495	68.2
502	68.2
509	68.3
517	68.3
524	68.1
532	68
540	68.1
547	68.1
555	68
563	67.9
572	68
580	68.1
588	68.1
597	68.1
606	68
614	68
623	68.1
632	68
642	68
651	68
660	68
670	68.1
680	68
690	68
700	68
710	68.1
720	68.1
731	68.1
741	68.3
752	68.3
763	68.3
774	68.3
785	68.5
797	68.6
808	68.8
820	68.9
832	68.9
844	69
856	69
869	68.9
882	68.7
894	68.7
907	68.6
921	68.4
934	68.4
948	68.4
961	68.3
975	68.1
990	68.2
1004	68.2
1019	68
1033	68.1
1048	68.1
1064	68.2
1079	68.2
1095	68.2
1111	68.2
1127	68.2
1143	68.2
1160	68.1
1177	68.2
1194	68.2
1211	68.1
1229	68.1
1247	68.1
1265	68.2
1283	68.2
1302	68.1
1321	68.2
1340	68.2
1360	68.3
1379	68.4
1399	68.4
1420	68.5
1440	68.5
1461	68.6
1483	68.7
1504	68.8
1526	69
1548	69.1
1571	69.2
1594	69
1617	69.1
1640	69.1
1664	69.2
1688	69.2
1713	69.4
1738	69.4
1763	69.6
1789	69.7
1815	70
1841	70
1868	70.1
1895	70.1
1923	70.2
1951	70.3
1979	70.3
2008	70.4
2037	70.3
2067	70.4
2097	70.5
2127	70.6
2158	70.8
2190	71
2221	71.1
2254	71.4
2287	71.4
2320	71.8
2354	72
2388	72.1
2423	72.3
2458	72.3
2494	72.6
2530	72.6
2567	72.7
2604	72.8
2642	72.9
2680	73.1
2719	73.3
2759	73.4
2799	73.4
2840	73.5
2881	73.7
2923	73.8
2965	73.7
3008	73.7
3052	73.7
3097	73.8
3142	73.7
3187	73.6
3234	73.5
3281	73.4
3328	73.3
3377	73.2
3426	73.2
3476	73.1
3526	72.9
3578	72.7
3630	72.5
3682	72.3
3736	72.4
3790	72.2
3846	72
3901	71.9
3958	71.8
4016	71.6
4074	71.6
4133	71.5
4194	71.3
4255	71.3
4316	71.2
4379	71.1
4443	71
4508	71
4573	71
4640	70.9
4707	70.8
4776	70.9
4845	70.8
4916	70.8
4987	70.8
5060	70.8
5133	71
5208	71
5284	71.1
5360	71.2
5438	71.5
5518	71.8
5598	71.9
5679	72.3
5762	72.4
5846	72.7
5931	73
6017	73.3
6104	73.5
6193	73.8
6283	74
6375	74.1
6467	74.2
6561	74.2
6657	74.2
6754	74.1
6852	73.9
6952	73.7
7053	73.7
7155	73.5
7259	73.4
7365	73.5
7472	73.6
7581	73.6
7691	73.7
7803	73.7
7916	73.6
8032	73.4
8148	73
8267	72.3
8387	71.8
8509	71.1
8633	69.8
8758	69.2
8886	67.9
9015	67.3
9146	66.5
9279	65.3
9414	64.7
9551	64
9690	63
9831	62.5
9974	61.8
10119	61.4
10266	60.9
10416	60.4
10567	60.1
10721	59.6
10877	59.3
11035	59
11196	58.5
11358	58.3
11524	58
11691	57.7
11861	57.6
12034	57.6
12209	57.6
12386	57.7
12567	58.1
12749	58.3
12935	58.8
13123	59.4
13314	60
13507	61.4
13704	62.5
13903	63.4
14105	65.5
14311	66.7
14519	68.8
14730	69.3
14944	69.1
15162	67.4
15382	66.5
15606	64.6
15833	63.7
16063	63.1
16297	62.4
16534	62.2
16774	62.2
17018	62.5
17266	62.8
17517	63.2
17772	63.1
18030	62.6
18293	60.3
18559	58.4
18829	55.7
19102	53.5
19380	51.7
20000	48.4
overall dB	94.8 dB
decay	Average
averaging	1/24 Octave
source	USB-C to 3.5mm Headphone Jack Adapter L Mic Low Range
latitude	-38.063
longitude	145.119
saved	2/2/2024, 7:14 pm
peak	16.1Hz
