FFT	AudioTools 	v17.2 (94) iPad battery  90%	2/2/2024, 7:10 pm	USB-C to 3.5mm Headphone Jack Adapter L Mic Low Range	1092074A-BD1B-4207-819B-4BCB4732E7F0
Frequency	dB	Unweighted
19.5	73.5
19.8	73.3
20.1	73.3
20.3	73.2
20.6	73.2
20.9	73.3
21.2	73.5
21.6	73.6
21.9	73.7
22.2	73.9
22.5	74
22.8	74.1
23.2	74.1
23.5	74.1
23.8	74
24.2	74
24.5	73.9
24.9	73.9
25.3	73.9
25.6	74
26	74
26.4	74.1
26.8	74.2
27.2	74.2
27.5	74.2
28	74.2
28.4	74.2
28.8	74.2
29.2	74.2
29.6	74.2
30	74.2
30.5	74.2
30.9	74.2
31.4	74.1
31.8	74.1
32.3	74.1
32.8	74.1
33.2	74.2
33.7	74.3
34.2	74.4
34.7	74.5
35.2	74.6
35.7	74.6
36.2	74.6
36.8	74.5
37.3	74.3
37.9	74.1
38.4	74
39	74
39.5	74.1
40.1	74.1
40.7	74.1
41.3	74
41.9	73.9
42.5	73.9
43.1	73.9
43.7	74.1
44.4	74.1
45	73.9
45.7	73.7
46.3	73.5
47	73.3
47.7	73.3
48.4	73.3
49.1	73.4
49.8	73.5
50.5	73.7
51.3	73.8
52	73.7
52.8	73.4
53.5	73.2
54.3	73.1
55.1	72.9
55.9	72.7
56.7	72.5
57.5	72.4
58.4	72.3
59.2	72.4
60.1	72.4
61	72.4
61.8	72.3
62.7	72.2
63.7	72.1
64.6	72.1
65.5	72
66.5	71.8
67.4	71.7
68.4	71.8
69.4	71.8
70.4	71.6
71.5	71.6
72.5	71.7
73.5	71.7
74.6	71.5
75.7	71.3
76.8	71.1
77.9	71.2
79.1	71.3
80.2	71.2
81.4	70.9
82.6	70.5
83.8	70.4
85	70.6
86.2	70.8
87.5	70.8
88.7	70.8
90	70.7
91.3	70.5
92.7	70.5
94	70.5
95.4	70.2
96.8	70.1
98.2	70.1
99.6	70.2
101	70
103	69.8
104	69.8
106	69.9
107	69.9
109	69.9
110	69.9
112	69.8
113	69.8
115	69.6
117	69.6
118	69.7
120	69.6
122	69.4
124	69.1
125	69.1
127	69.5
129	70.1
131	69.9
133	69.4
135	69.1
137	68.7
139	68.3
141	68.4
143	68.7
145	69.1
147	69.1
149	68.7
151	68.6
154	68.5
156	68.4
158	68.5
160	68.5
163	68.4
165	68.4
168	68.2
170	68.2
172	68.2
175	68.3
177	68.2
180	68.2
183	68
185	67.9
188	68
191	68.1
194	68.2
196	68
199	67.8
202	67.6
205	67.7
208	67.6
211	67.6
214	67.6
217	67.4
220	67.5
224	67.6
227	67.7
230	67.6
234	67.5
237	67.6
240	67.6
244	67.6
247	67.6
251	67.8
255	67.9
258	67.8
262	67.8
266	67.8
270	67.8
274	68.1
278	67.9
282	67.9
286	68
290	68
294	67.9
298	68
303	68.1
307	68.3
312	68.3
316	68.4
321	68.4
325	68.4
330	68.6
335	68.6
340	68.5
345	68.4
350	68.5
355	68.6
360	68.7
365	68.8
371	68.9
376	68.9
382	68.8
387	68.8
393	68.8
398	68.6
404	68.7
410	68.8
416	68.7
422	68.7
428	68.5
434	68.5
441	68.6
447	68.5
454	68.5
460	68.4
467	68.5
474	68.5
481	68.4
488	68.5
495	68.5
502	68.5
509	68.5
517	68.3
524	68.2
532	68.1
540	68.2
547	68.4
555	68.3
563	68.2
572	68.1
580	68.1
588	68.3
597	68.1
606	68
614	68
623	68
632	68
642	68
651	67.9
660	67.9
670	68
680	67.9
690	68
700	68
710	68.1
720	68.1
731	68.2
741	68.2
752	68.3
763	68.4
774	68.6
785	68.6
797	68.7
808	68.9
820	68.8
832	68.7
844	68.9
856	68.8
869	68.7
882	68.6
894	68.6
907	68.6
921	68.6
934	68.6
948	68.7
961	68.6
975	68.3
990	68.4
1004	68.4
1019	68.2
1033	68.4
1048	68.5
1064	68.5
1079	68.5
1095	68.6
1111	68.5
1127	68.5
1143	68.7
1160	68.7
1177	68.6
1194	68.6
1211	68.5
1229	68.6
1247	68.5
1265	68.5
1283	68.4
1302	68.4
1321	68.5
1340	68.5
1360	68.6
1379	68.6
1399	68.6
1420	68.9
1440	69
1461	69.1
1483	69.2
1504	69.3
1526	69.6
1548	69.7
1571	69.9
1594	69.8
1617	70
1640	70
1664	70
1688	69.9
1713	69.9
1738	69.8
1763	69.9
1789	69.8
1815	69.9
1841	69.8
1868	69.8
1895	69.8
1923	70.1
1951	70.2
1979	70.3
2008	70.7
2037	70.8
2067	71.3
2097	71.7
2127	71.8
2158	72
2190	72.2
2221	72.2
2254	72.4
2287	72.6
2320	72.6
2354	72.7
2388	72.8
2423	72.9
2458	72.9
2494	73.2
2530	73.3
2567	73.4
2604	73.7
2642	73.9
2680	74.2
2719	74.2
2759	74.3
2799	74.4
2840	74.5
2881	74.5
2923	74.7
2965	74.7
3008	74.7
3052	74.7
3097	74.7
3142	74.7
3187	74.5
3234	74.4
3281	74.3
3328	74.2
3377	74.1
3426	74
3476	73.9
3526	73.7
3578	73.5
3630	73.3
3682	73.1
3736	73
3790	72.9
3846	72.8
3901	72.6
3958	72.5
4016	72.4
4074	72.2
4133	72.1
4194	72.1
4255	72
4316	71.9
4379	71.7
4443	71.6
4508	71.5
4573	71.4
4640	71.4
4707	71.4
4776	71.3
4845	71.3
4916	71.3
4987	71.3
5060	71.4
5133	71.5
5208	71.6
5284	71.8
5360	72
5438	72.1
5518	72.4
5598	72.6
5679	72.9
5762	73.1
5846	73.4
5931	73.7
6017	74.1
6104	74.4
6193	74.7
6283	74.9
6375	75.1
6467	75.1
6561	75.1
6657	75.1
6754	74.9
6852	74.7
6952	74.6
7053	74.5
7155	74.4
7259	74.4
7365	74.5
7472	74.6
7581	74.8
7691	74.9
7803	75.1
7916	75.1
8032	75.2
8148	75
8267	74.6
8387	74.1
8509	73.4
8633	72.2
8758	71.5
8886	70.1
9015	69.4
9146	68.4
9279	67
9414	66.4
9551	65.6
9690	64.4
9831	63.9
9974	63.1
10119	62.7
10266	62.2
10416	61.5
10567	61.2
10721	60.7
10877	60.3
11035	60
11196	59.4
11358	59.1
11524	58.7
11691	58.2
11861	58
12034	57.9
12209	58
12386	58
12567	58.3
12749	58.4
12935	58.8
13123	59.2
13314	59.6
13507	60.6
13704	61.6
13903	62.4
14105	64.2
14311	65.4
14519	68.1
14730	69.6
14944	70.3
15162	69.5
15382	68.6
15606	66.5
15833	65.3
16063	64.6
16297	63.6
16534	63.3
16774	63.3
17018	63.7
17266	64
17517	64.6
17772	64.8
18030	64.4
18293	61.9
18559	59.6
18829	56.4
19102	53.9
19380	51.9
20000	48.4
overall dB	95.6 dB
decay	Average
averaging	1/24 Octave
source	USB-C to 3.5mm Headphone Jack Adapter L Mic Low Range
latitude	-38.063
longitude	145.119
saved	2/2/2024, 7:10 pm
peak	17.6Hz
