20.299999	8.910
20.600000	8.920
20.900000	8.931
21.200001	8.941
21.400000	8.948
21.799999	8.960
22.000000	8.965
22.400000	8.976
22.700001	8.982
23.000000	8.988
23.299999	8.993
23.600000	8.997
24.000000	9.001
24.299999	9.003
24.700001	9.006
25.000000	9.007
25.400000	9.008
25.799999	9.008
26.200001	9.009
26.500000	9.009
26.900000	9.008
27.200001	9.008
27.600000	9.007
28.000000	9.007
28.500000	9.005
29.000000	9.004
29.500000	9.002
30.000000	9.000
30.400000	8.997
30.700001	8.994
31.100000	8.991
31.500000	8.986
32.000000	8.980
32.500000	8.973
33.000000	8.965
33.500000	8.956
34.000000	8.945
34.500000	8.932
35.000000	8.918
35.500000	8.903
36.000000	8.884
36.500000	8.864
37.000000	8.843
37.500000	8.822
38.200001	8.790
38.700001	8.767
39.500000	8.730
40.000000	8.704
40.599998	8.671
41.200001	8.635
41.799999	8.600
42.500000	8.557
43.099998	8.516
43.700001	8.473
44.400002	8.423
45.000000	8.378
45.500000	8.339
46.200001	8.283
46.799999	8.233
47.500000	8.174
48.200001	8.112
48.700001	8.067
49.400002	8.004
50.000000	7.950
50.799999	7.882
51.500000	7.823
52.200001	7.764
53.000000	7.695
53.799999	7.625
54.500000	7.562
55.200001	7.498
56.000000	7.430
57.000000	7.353
58.000000	7.280
59.000000	7.206
60.000000	7.125
60.799999	7.050
61.500000	6.979
62.200001	6.909
63.000000	6.832
64.000000	6.745
65.000000	6.663
66.000000	6.581
67.000000	6.499
68.000000	6.416
69.000000	6.332
70.000000	6.248
71.000000	6.164
72.000000	6.079
73.000000	5.993
74.000000	5.908
75.000000	5.827
76.199997	5.739
77.500000	5.648
78.800003	5.558
80.000000	5.475
81.199997	5.392
82.500000	5.302
83.800003	5.212
85.000000	5.129
86.199997	5.046
87.500000	4.957
88.500000	4.888
90.000000	4.784
91.199997	4.702
92.500000	4.612
93.800003	4.523
95.000000	4.441
96.199997	4.359
97.500000	4.270
98.800003	4.181
100.000000	4.104
101.500000	4.013
103.000000	3.927
104.400002	3.846
106.000000	3.755
107.500000	3.669
109.000000	3.583
110.599998	3.492
112.000000	3.411
113.800003	3.308
115.000000	3.240
117.199997	3.115
118.000000	3.071
120.599998	2.939
122.000000	2.870
124.099998	2.767
125.000000	2.723
126.500000	2.650
128.000000	2.576
131.500000	2.408
132.000000	2.386
134.000000	2.297
136.000000	2.212
138.000000	2.129
140.000000	2.050
143.000000	1.945
145.000000	1.878
147.500000	1.796
150.000000	1.714
152.500000	1.634
155.000000	1.554
157.500000	1.474
160.000000	1.395
162.500000	1.318
165.000000	1.243
167.500000	1.167
170.000000	1.092
172.500000	1.020
175.000000	0.948
177.500000	0.878
180.000000	0.808
182.500000	0.741
185.000000	0.676
187.500000	0.611
190.000000	0.548
192.500000	0.488
195.000000	0.429
197.500000	0.372
200.000000	0.318
203.000000	0.262
206.000000	0.210
209.000000	0.160
212.000000	0.111
214.000000	0.081
218.000000	0.023
220.000000	-0.005
224.000000	-0.059
227.000000	-0.095
230.000000	-0.129
233.000000	-0.163
236.000000	-0.193
240.000000	-0.226
243.000000	-0.249
247.000000	-0.277
250.000000	-0.296
254.000000	-0.318
258.000000	-0.337
262.000000	-0.356
265.000000	-0.368
269.000000	-0.381
272.000000	-0.390
276.000000	-0.400
280.000000	-0.409
285.000000	-0.417
290.000000	-0.421
295.000000	-0.425
300.000000	-0.429
304.000000	-0.430
307.000000	-0.430
311.000000	-0.429
315.000000	-0.428
320.000000	-0.425
325.000000	-0.422
330.000000	-0.417
335.000000	-0.413
340.000000	-0.407
345.000000	-0.401
350.000000	-0.394
355.000000	-0.387
360.000000	-0.380
365.000000	-0.372
370.000000	-0.364
375.000000	-0.356
382.000000	-0.345
387.000000	-0.337
395.000000	-0.325
400.000000	-0.317
406.000000	-0.307
412.000000	-0.296
418.000000	-0.286
425.000000	-0.273
431.000000	-0.262
437.000000	-0.251
444.000000	-0.237
450.000000	-0.225
455.000000	-0.215
462.000000	-0.200
468.000000	-0.188
475.000000	-0.173
482.000000	-0.157
487.000000	-0.145
494.000000	-0.129
500.000000	-0.116
508.000000	-0.098
515.000000	-0.084
522.000000	-0.068
530.000000	-0.051
538.000000	-0.032
545.000000	-0.016
552.000000	0.001
560.000000	0.019
570.000000	0.040
580.000000	0.060
590.000000	0.080
600.000000	0.103
608.000000	0.124
615.000000	0.144
622.000000	0.165
630.000000	0.187
640.000000	0.214
650.000000	0.238
660.000000	0.263
670.000000	0.289
680.000000	0.316
690.000000	0.343
700.000000	0.370
710.000000	0.399
720.000000	0.428
730.000000	0.458
740.000000	0.487
750.000000	0.516
762.000000	0.548
775.000000	0.582
788.000000	0.615
800.000000	0.647
812.000000	0.679
825.000000	0.715
838.000000	0.751
850.000000	0.785
862.000000	0.821
875.000000	0.860
885.000000	0.890
900.000000	0.936
912.000000	0.975
925.000000	1.018
938.000000	1.061
950.000000	1.103
962.000000	1.146
975.000000	1.195
988.000000	1.244
1000.000000	1.288
1015.000000	1.343
1030.000000	1.398
1044.000000	1.450
1060.000000	1.511
1075.000000	1.572
1090.000000	1.635
1106.000000	1.705
1120.000000	1.768
1138.000000	1.855
1150.000000	1.915
1172.000000	2.026
1180.000000	2.067
1206.000000	2.199
1220.000000	2.270
1241.000000	2.378
1250.000000	2.427
1265.000000	2.511
1280.000000	2.599
1315.000000	2.805
1320.000000	2.834
1340.000000	2.952
1360.000000	3.070
1380.000000	3.186
1400.000000	3.300
1430.000000	3.462
1450.000000	3.568
1475.000000	3.700
1500.000000	3.835
1525.000000	3.977
1550.000000	4.122
1575.000000	4.267
1600.000000	4.415
1625.000000	4.569
1650.000000	4.725
1675.000000	4.882
1700.000000	5.042
1725.000000	5.205
1750.000000	5.370
1775.000000	5.537
1800.000000	5.705
1825.000000	5.876
1850.000000	6.048
1875.000000	6.221
1900.000000	6.394
1925.000000	6.568
1950.000000	6.743
1975.000000	6.916
2000.000000	7.082
2030.000000	7.266
2060.000000	7.440
2090.000000	7.613
2120.000000	7.784
2140.000000	7.896
2180.000000	8.118
2200.000000	8.228
2240.000000	8.445
2270.000000	8.601
2300.000000	8.755
2330.000000	8.904
2360.000000	9.044
2400.000000	9.212
2430.000000	9.329
2470.000000	9.479
2500.000000	9.585
2540.000000	9.714
2580.000000	9.834
2620.000000	9.950
2650.000000	10.032
2690.000000	10.129
2720.000000	10.198
2760.000000	10.286
2800.000000	10.364
2850.000000	10.431
2900.000000	10.487
2950.000000	10.542
3000.000000	10.591
3040.000000	10.624
3070.000000	10.646
3110.000000	10.671
3150.000000	10.690
3200.000000	10.700
3250.000000	10.700
3300.000000	10.697
3350.000000	10.689
3400.000000	10.671
3450.000000	10.647
3500.000000	10.620
3550.000000	10.589
3600.000000	10.549
3650.000000	10.505
3700.000000	10.460
3750.000000	10.414
3820.000000	10.347
3870.000000	10.299
3950.000000	10.222
4000.000000	10.171
4060.000000	10.108
4120.000000	10.042
4180.000000	9.975
4250.000000	9.896
4310.000000	9.826
4370.000000	9.755
4440.000000	9.673
4500.000000	9.602
4550.000000	9.542
4620.000000	9.458
4680.000000	9.386
4750.000000	9.303
4820.000000	9.220
4870.000000	9.161
4940.000000	9.079
5000.000000	9.011
5080.000000	8.929
5150.000000	8.860
5220.000000	8.790
5300.000000	8.711
5380.000000	8.630
5450.000000	8.559
5520.000000	8.489
5600.000000	8.411
5700.000000	8.321
5800.000000	8.236
5900.000000	8.149
6000.000000	8.053
6080.000000	7.956
6150.000000	7.863
6220.000000	7.769
6300.000000	7.663
6400.000000	7.535
6500.000000	7.410
6600.000000	7.283
6700.000000	7.148
6800.000000	7.001
6900.000000	6.846
7000.000000	6.689
7100.000000	6.522
7200.000000	6.342
7300.000000	6.153
7400.000000	5.963
7500.000000	5.776
7620.000000	5.557
7750.000000	5.324
7880.000000	5.090
8000.000000	4.869
8120.000000	4.636
8250.000000	4.375
8380.000000	4.114
8500.000000	3.868
8620.000000	3.614
8750.000000	3.333
8850.000000	3.116
9000.000000	2.788
9120.000000	2.521
9250.000000	2.228
9380.000000	1.934
9500.000000	1.661
9620.000000	1.386
9750.000000	1.087
9880.000000	0.792
10000.000000	0.529
10150.000000	0.220
10300.000000	-0.075
10440.000000	-0.347
10600.000000	-0.657
10750.000000	-0.948
10900.000000	-1.239
11060.000000	-1.549
11200.000000	-1.819
11380.000000	-2.164
11500.000000	-2.393
11720.000000	-2.804
11800.000000	-2.946
12060.000000	-3.378
12200.000000	-3.602
12410.000000	-3.933
12500.000000	-4.074
12650.000000	-4.306
12800.000000	-4.536
13150.000000	-5.064
13200.000000	-5.137
13400.000000	-5.418
13600.000000	-5.688
13800.000000	-5.956
14000.000000	-6.216
14300.000000	-6.583
14500.000000	-6.821
14750.000000	-7.119
15000.000000	-7.432
15250.000000	-7.780
15500.000000	-8.142
15750.000000	-8.510
16000.000000	-8.907
16250.000000	-9.349
16500.000000	-9.817
16750.000000	-10.299
17000.000000	-10.814
17250.000000	-11.381
17500.000000	-11.983
17750.000000	-12.599
18000.000000	-13.242
18250.000000	-13.941
18500.000000	-14.674
18750.000000	-15.416
19000.000000	-16.177
19250.000000	-16.975
19500.000000	-17.863
19750.000000	-19.292
