FFT	AudioTools 	v17.2 (94) iPad battery  95%	2/2/2024, 6:44 pm	USB-C to 3.5mm Headphone Jack Adapter L Mic Low Range	1092074A-BD1B-4207-819B-4BCB4732E7F0
Frequency	dB	Unweighted
19.5	66.4
19.8	66.5
20.1	66.5
20.3	66.6
20.6	66.8
20.9	66.9
21.2	67
21.6	67.1
21.9	67.3
22.2	67.4
22.5	67.5
22.8	67.6
23.2	67.7
23.5	67.8
23.8	68
24.2	68.1
24.5	68.2
24.9	68.4
25.3	68.5
25.6	68.7
26	68.8
26.4	68.9
26.8	69
27.2	69
27.5	69.1
28	69.1
28.4	69.1
28.8	69.1
29.2	69.1
29.6	69.1
30	69
30.5	69
30.9	69
31.4	68.9
31.8	68.9
32.3	69
32.8	69.1
33.2	69.2
33.7	69.4
34.2	69.5
34.7	69.7
35.2	69.8
35.7	69.8
36.2	70
36.8	70
37.3	70.1
37.9	70.1
38.4	70.2
39	70.2
39.5	70.2
40.1	70.1
40.7	70
41.3	69.9
41.9	69.8
42.5	69.9
43.1	70
43.7	70.2
44.4	70.2
45	70.2
45.7	70.3
46.3	70.3
47	70.4
47.7	70.4
48.4	70.4
49.1	70.5
49.8	70.6
50.5	70.9
51.3	71
52	71
52.8	70.9
53.5	70.7
54.3	70.5
55.1	70.4
55.9	70.5
56.7	70.7
57.5	70.8
58.4	70.8
59.2	70.7
60.1	70.7
61	70.7
61.8	70.7
62.7	70.6
63.7	70.5
64.6	70.5
65.5	70.5
66.5	70.6
67.4	70.6
68.4	70.6
69.4	70.6
70.4	70.6
71.5	70.5
72.5	70.4
73.5	70.4
74.6	70.5
75.7	70.5
76.8	70.3
77.9	70.2
79.1	70.1
80.2	70.2
81.4	70.1
82.6	70
83.8	69.9
85	69.7
86.2	69.7
87.5	69.7
88.7	69.8
90	69.9
91.3	69.8
92.7	69.7
94	69.7
95.4	69.5
96.8	69.4
98.2	69.3
99.6	69.2
101	69.1
103	69.1
104	69.3
106	69.3
107	69.4
109	69.3
110	69.1
112	69
113	68.8
115	68.5
117	68.4
118	68.5
120	68.7
122	68.8
124	68.6
125	68.6
127	68.7
129	68.8
131	68.8
133	68.5
135	68
137	67.9
139	68.1
141	68.1
143	68.1
145	68.1
147	68
149	67.8
151	67.7
154	67.7
156	67.8
158	67.7
160	67.6
163	67.4
165	67.3
168	67.1
170	67
172	67.2
175	67.2
177	67
180	66.7
183	66.6
185	66.6
188	66.6
191	66.5
194	66.4
196	66.3
199	66.2
202	66
205	66.1
208	66.1
211	65.9
214	65.7
217	65.4
220	65.4
224	65.3
227	65.4
230	65.2
234	65.1
237	65.2
240	65.1
244	64.8
247	64.8
251	64.8
255	64.5
258	64.4
262	64.4
266	64.2
270	64
274	63.6
278	63.6
282	63.6
286	63.1
290	63
294	63
298	63
303	62.9
307	62.8
312	62.8
316	62.9
321	63
325	63.1
330	63
335	62.9
340	62.8
345	62.7
350	62.7
355	62.6
360	62.4
365	62.2
371	62.3
376	62.3
382	62.1
387	62
393	61.9
398	61.5
404	61.4
410	61.5
416	61.6
422	61.5
428	61.4
434	61.3
441	61.2
447	61.1
454	60.8
460	60.7
467	60.8
474	60.6
481	60.1
488	60.2
495	60.2
502	60.2
509	60.1
517	60.2
524	59.9
532	59.8
540	59.8
547	59.7
555	59.6
563	59.5
572	59.4
580	59.2
588	59.2
597	59.1
606	59.1
614	59
623	58.9
632	58.7
642	58.5
651	58.5
660	58.5
670	58.6
680	58.5
690	58.3
700	58.4
710	58.2
720	58.1
731	58.1
741	58
752	58.1
763	58
774	57.9
785	57.8
797	57.8
808	57.8
820	57.8
832	57.6
844	57.7
856	57.6
869	57.5
882	57.7
894	57.6
907	57.6
921	57.5
934	57.6
948	57.6
961	57.6
975	57.6
990	57.8
1004	57.8
1019	57.9
1033	57.9
1048	57.8
1064	57.8
1079	57.8
1095	58
1111	57.9
1127	57.8
1143	58
1160	57.9
1177	58
1194	58.1
1211	58.1
1229	58.3
1247	58.3
1265	58.4
1283	58.4
1302	58.3
1321	58.4
1340	58.4
1360	58.4
1379	58.6
1399	58.6
1420	58.6
1440	58.6
1461	58.7
1483	58.7
1504	58.7
1526	58.7
1548	58.7
1571	58.7
1594	58.8
1617	58.9
1640	58.9
1664	59
1688	58.9
1713	59.2
1738	59.2
1763	59.3
1789	59.4
1815	59.5
1841	59.5
1868	59.6
1895	59.7
1923	59.9
1951	60.1
1979	60.2
2008	60.5
2037	60.5
2067	60.8
2097	60.9
2127	60.9
2158	61.1
2190	61.3
2221	61.3
2254	61.5
2287	61.7
2320	61.8
2354	61.9
2388	62
2423	62.2
2458	62.2
2494	62.4
2530	62.6
2567	62.8
2604	63
2642	63.1
2680	63.3
2719	63.5
2759	63.6
2799	63.7
2840	63.9
2881	64.1
2923	64.4
2965	64.6
3008	64.9
3052	65
3097	65.1
3142	65.3
3187	65.5
3234	65.7
3281	65.9
3328	66.1
3377	66.3
3426	66.4
3476	66.5
3526	66.7
3578	66.8
3630	67
3682	67.1
3736	67.2
3790	67.4
3846	67.5
3901	67.6
3958	67.6
4016	67.6
4074	67.8
4133	67.7
4194	67.7
4255	67.8
4316	67.8
4379	67.8
4443	67.7
4508	67.9
4573	68
4640	68
4707	68.1
4776	68.1
4845	68.2
4916	68.3
4987	68.3
5060	68.3
5133	68.4
5208	68.4
5284	68.5
5360	68.6
5438	68.6
5518	68.7
5598	68.6
5679	68.6
5762	68.7
5846	68.8
5931	68.9
6017	69
6104	69.1
6193	69.1
6283	69.2
6375	69.3
6467	69.4
6561	69.4
6657	69.4
6754	69.5
6852	69.4
6952	69.4
7053	69.3
7155	69.2
7259	69.1
7365	69
7472	68.9
7581	68.8
7691	68.6
7803	68.4
7916	68.2
8032	67.8
8148	67.4
8267	66.8
8387	66.4
8509	65.9
8633	65
8758	64.6
8886	63.7
9015	63.2
9146	62.6
9279	61.7
9414	61.2
9551	60.7
9690	59.8
9831	59.3
9974	58.6
10119	58.3
10266	57.8
10416	57.2
10567	56.9
10721	56.4
10877	56.1
11035	55.9
11196	55.6
11358	55.5
11524	55.4
11691	55.4
11861	55.5
12034	55.6
12209	55.7
12386	55.9
12567	56.5
12749	56.8
12935	57.7
13123	58.4
13314	59
13507	60.7
13704	62.2
13903	63.5
14105	66.5
14311	68.2
14519	70.2
14730	69.7
14944	68.6
15162	66
15382	64.9
15606	63.3
15833	62.7
16063	62.4
16297	62.2
16534	62.3
16774	62.2
17018	61.7
17266	61
17517	58.7
17772	56.9
18030	55.6
18293	53.1
18559	51.6
18829	49.9
19102	48.6
19380	47.5
20000	45.2
overall dB	90.5 dB
decay	Average
averaging	1/24 Octave
source	USB-C to 3.5mm Headphone Jack Adapter L Mic Low Range
latitude	-38.063
longitude	145.119
saved	2/2/2024, 6:44 pm
peak	26.4Hz
