FFT	AudioTools 	v17.2 (94) iPad battery  95%	2/2/2024, 6:46 pm	USB-C to 3.5mm Headphone Jack Adapter L Mic Low Range	1092074A-BD1B-4207-819B-4BCB4732E7F0
Frequency	dB	Unweighted
19.5	65.5
19.8	65.6
20.1	65.7
20.3	65.7
20.6	65.9
20.9	66
21.2	66.1
21.6	66.2
21.9	66.3
22.2	66.5
22.5	66.5
22.8	66.6
23.2	66.7
23.5	66.8
23.8	66.9
24.2	67
24.5	67.1
24.9	67.3
25.3	67.4
25.6	67.5
26	67.6
26.4	67.7
26.8	67.8
27.2	67.9
27.5	67.9
28	68
28.4	68
28.8	68.1
29.2	68.1
29.6	68.2
30	68.4
30.5	68.5
30.9	68.5
31.4	68.6
31.8	68.5
32.3	68.5
32.8	68.5
33.2	68.6
33.7	68.7
34.2	68.8
34.7	68.9
35.2	69
35.7	69
36.2	69
36.8	69
37.3	69
37.9	69.1
38.4	69.1
39	69.2
39.5	69.3
40.1	69.3
40.7	69.3
41.3	69.3
41.9	69.2
42.5	69.3
43.1	69.4
43.7	69.5
44.4	69.5
45	69.4
45.7	69.3
46.3	69.2
47	69.3
47.7	69.5
48.4	69.5
49.1	69.5
49.8	69.5
50.5	69.6
51.3	69.7
52	69.7
52.8	69.7
53.5	69.6
54.3	69.4
55.1	69.4
55.9	69.4
56.7	69.6
57.5	69.7
58.4	69.8
59.2	69.7
60.1	69.7
61	69.6
61.8	69.5
62.7	69.5
63.7	69.5
64.6	69.5
65.5	69.6
66.5	69.6
67.4	69.6
68.4	69.6
69.4	69.6
70.4	69.5
71.5	69.5
72.5	69.5
73.5	69.5
74.6	69.4
75.7	69.4
76.8	69.3
77.9	69.3
79.1	69.2
80.2	69.2
81.4	69.1
82.6	68.9
83.8	68.8
85	68.8
86.2	68.9
87.5	68.9
88.7	68.9
90	68.9
91.3	68.8
92.7	68.8
94	68.9
95.4	68.8
96.8	68.7
98.2	68.7
99.6	68.8
101	68.6
103	68.5
104	68.6
106	68.5
107	68.4
109	68.4
110	68.2
112	68.1
113	68.1
115	68.1
117	68
118	67.9
120	67.8
122	67.9
124	67.8
125	67.7
127	67.7
129	67.7
131	67.7
133	67.6
135	67.5
137	67.4
139	67.2
141	67.2
143	67
145	67
147	67
149	66.9
151	66.9
154	66.7
156	66.6
158	66.6
160	66.6
163	66.5
165	66.5
168	66.2
170	66.1
172	66.1
175	66.1
177	66
180	65.9
183	65.8
185	65.7
188	65.6
191	65.5
194	65.6
196	65.4
199	65.2
202	65.1
205	65.1
208	65.1
211	64.9
214	64.8
217	64.7
220	64.6
224	64.5
227	64.5
230	64.3
234	64.2
237	64.1
240	64
244	63.9
247	63.9
251	63.9
255	63.7
258	63.4
262	63.4
266	63.3
270	63.2
274	63.1
278	63
282	62.9
286	62.7
290	62.6
294	62.5
298	62.3
303	62.2
307	62
312	61.9
316	61.8
321	61.7
325	61.7
330	61.6
335	61.4
340	61.3
345	61.3
350	61.5
355	61.7
360	61.7
365	61.7
371	61.6
376	61.5
382	61.3
387	61.2
393	61.2
398	60.9
404	60.9
410	60.9
416	60.8
422	60.8
428	60.6
434	60.5
441	60.3
447	60.2
454	60.1
460	60
467	59.9
474	59.8
481	59.6
488	59.5
495	59.4
502	59.5
509	59.5
517	59.4
524	59.3
532	59.2
540	59.1
547	59
555	58.9
563	58.9
572	58.7
580	58.6
588	58.6
597	58.5
606	58.4
614	58.4
623	58.2
632	58.1
642	58
651	58
660	57.9
670	57.8
680	57.8
690	57.7
700	57.7
710	57.6
720	57.6
731	57.5
741	57.5
752	57.5
763	57.5
774	57.3
785	57.3
797	57.3
808	57.2
820	57.2
832	57.1
844	57.1
856	57.1
869	57
882	57.1
894	57.1
907	57.1
921	57.1
934	57.1
948	57.3
961	57.3
975	57.3
990	57.4
1004	57.4
1019	57.4
1033	57.5
1048	57.6
1064	57.7
1079	57.7
1095	57.9
1111	57.9
1127	57.9
1143	58.1
1160	58.1
1177	58.2
1194	58.3
1211	58.2
1229	58.3
1247	58.2
1265	58
1283	58
1302	57.9
1321	57.9
1340	57.9
1360	57.9
1379	58
1399	58
1420	58.1
1440	58.1
1461	58.2
1483	58.2
1504	58.2
1526	58.4
1548	58.3
1571	58.5
1594	58.6
1617	58.7
1640	58.7
1664	58.8
1688	58.9
1713	59.1
1738	59.1
1763	59.1
1789	59.2
1815	59.4
1841	59.4
1868	59.5
1895	59.6
1923	59.8
1951	59.9
1979	60
2008	60.2
2037	60.2
2067	60.4
2097	60.6
2127	60.6
2158	60.9
2190	61
2221	61.2
2254	61.4
2287	61.5
2320	61.7
2354	61.8
2388	62
2423	62.2
2458	62.3
2494	62.6
2530	62.7
2567	62.9
2604	63.1
2642	63.3
2680	63.5
2719	63.7
2759	63.8
2799	64
2840	64.2
2881	64.4
2923	64.7
2965	64.9
3008	65.1
3052	65.3
3097	65.4
3142	65.7
3187	65.9
3234	66.2
3281	66.3
3328	66.5
3377	66.7
3426	66.8
3476	66.9
3526	67.1
3578	67.3
3630	67.4
3682	67.5
3736	67.5
3790	67.6
3846	67.7
3901	67.8
3958	67.7
4016	67.7
4074	67.8
4133	67.8
4194	67.8
4255	67.8
4316	67.8
4379	67.8
4443	67.7
4508	67.7
4573	67.7
4640	67.6
4707	67.6
4776	67.6
4845	67.6
4916	67.6
4987	67.6
5060	67.6
5133	67.7
5208	67.7
5284	67.8
5360	67.9
5438	68
5518	68.1
5598	68.1
5679	68.2
5762	68.3
5846	68.3
5931	68.4
6017	68.4
6104	68.5
6193	68.5
6283	68.4
6375	68.4
6467	68.3
6561	68.2
6657	68.1
6754	68
6852	67.9
6952	67.9
7053	67.9
7155	67.8
7259	67.8
7365	67.8
7472	67.8
7581	67.7
7691	67.6
7803	67.6
7916	67.5
8032	67.4
8148	67.2
8267	67
8387	66.8
8509	66.5
8633	65.8
8758	65.5
8886	64.7
9015	64.3
9146	63.7
9279	62.8
9414	62.3
9551	61.7
9690	60.7
9831	60.2
9974	59.4
10119	59
10266	58.4
10416	57.7
10567	57.4
10721	56.8
10877	56.5
11035	56.2
11196	55.9
11358	55.7
11524	55.5
11691	55.4
11861	55.4
12034	55.4
12209	55.5
12386	55.6
12567	55.9
12749	56.2
12935	56.8
13123	57.4
13314	57.9
13507	59.2
13704	60.3
13903	61.3
14105	63.6
14311	65.1
14519	68.2
14730	69.4
14944	69.3
15162	67
15382	65.6
15606	63.1
15833	62
16063	61.3
16297	60.7
16534	60.6
16774	60.7
17018	61.1
17266	61.2
17517	60.6
17772	59.6
18030	58.6
18293	55.9
18559	54.1
18829	51.9
19102	50.3
19380	49
20000	46.4
overall dB	89.9 dB
decay	Average
averaging	1/24 Octave
source	USB-C to 3.5mm Headphone Jack Adapter L Mic Low Range
latitude	-38.063
longitude	145.119
saved	2/2/2024, 6:46 pm
peak	30.8Hz
