20.000000	2.415
20.299999	2.404
20.600000	2.393
20.900000	2.376
21.200001	2.360
21.400000	2.350
21.799999	2.329
22.000000	2.318
22.400000	2.298
22.700001	2.283
23.000000	2.268
23.299999	2.253
23.600000	2.239
24.000000	2.219
24.299999	2.205
24.700001	2.187
25.000000	2.173
25.400000	2.155
25.799999	2.137
26.200001	2.119
26.500000	2.106
26.900000	2.089
27.200001	2.077
27.600000	2.060
28.000000	2.043
28.500000	2.023
29.000000	2.002
29.500000	1.981
30.000000	1.963
30.400000	1.951
30.700001	1.943
31.100000	1.935
31.500000	1.929
32.000000	1.921
32.500000	1.911
33.000000	1.895
33.500000	1.874
34.000000	1.850
34.500000	1.826
35.000000	1.803
35.500000	1.782
36.000000	1.762
36.500000	1.741
37.000000	1.719
37.500000	1.697
38.200001	1.667
38.700001	1.647
39.500000	1.614
40.000000	1.594
40.599998	1.571
41.200001	1.550
41.799999	1.535
42.500000	1.525
43.099998	1.521
43.700001	1.519
44.400002	1.512
45.000000	1.498
45.500000	1.479
46.200001	1.441
46.799999	1.402
47.500000	1.355
48.200001	1.317
48.700001	1.300
49.400002	1.290
50.000000	1.292
50.799999	1.296
51.500000	1.296
52.200001	1.290
53.000000	1.279
53.799999	1.267
54.500000	1.258
55.200001	1.252
56.000000	1.247
57.000000	1.245
58.000000	1.245
59.000000	1.241
60.000000	1.230
60.799999	1.217
61.500000	1.203
62.200001	1.189
63.000000	1.174
64.000000	1.157
65.000000	1.144
66.000000	1.133
67.000000	1.120
68.000000	1.104
69.000000	1.085
70.000000	1.064
71.000000	1.042
72.000000	1.021
73.000000	1.002
74.000000	0.986
75.000000	0.971
76.199997	0.956
77.500000	0.944
78.800003	0.936
80.000000	0.928
81.199997	0.918
82.500000	0.905
83.800003	0.888
85.000000	0.870
86.199997	0.852
87.500000	0.834
88.500000	0.822
90.000000	0.807
91.199997	0.796
92.500000	0.782
93.800003	0.766
95.000000	0.749
96.199997	0.732
97.500000	0.716
98.800003	0.701
100.000000	0.685
101.500000	0.662
103.000000	0.636
104.400002	0.614
106.000000	0.592
107.500000	0.576
109.000000	0.562
110.599998	0.550
112.000000	0.538
113.800003	0.524
115.000000	0.515
117.199997	0.502
118.000000	0.499
120.599998	0.491
122.000000	0.486
124.099998	0.476
125.000000	0.471
126.500000	0.463
128.000000	0.452
131.500000	0.418
132.000000	0.413
134.000000	0.397
136.000000	0.389
138.000000	0.391
140.000000	0.402
143.000000	0.436
145.000000	0.464
147.500000	0.492
150.000000	0.504
152.500000	0.500
155.000000	0.484
157.500000	0.464
160.000000	0.443
162.500000	0.425
165.000000	0.414
167.500000	0.410
170.000000	0.410
172.500000	0.407
175.000000	0.398
177.500000	0.387
180.000000	0.374
182.500000	0.360
185.000000	0.344
187.500000	0.326
190.000000	0.307
192.500000	0.288
195.000000	0.269
197.500000	0.248
200.000000	0.226
203.000000	0.203
206.000000	0.186
209.000000	0.176
212.000000	0.167
214.000000	0.159
218.000000	0.138
220.000000	0.125
224.000000	0.100
227.000000	0.084
230.000000	0.072
233.000000	0.063
236.000000	0.056
240.000000	0.048
243.000000	0.042
247.000000	0.032
250.000000	0.022
254.000000	0.008
258.000000	-0.007
262.000000	-0.022
265.000000	-0.033
269.000000	-0.046
272.000000	-0.056
276.000000	-0.068
280.000000	-0.080
285.000000	-0.092
290.000000	-0.098
295.000000	-0.099
300.000000	-0.097
304.000000	-0.095
307.000000	-0.092
311.000000	-0.088
315.000000	-0.084
320.000000	-0.079
325.000000	-0.075
330.000000	-0.073
335.000000	-0.072
340.000000	-0.072
345.000000	-0.075
350.000000	-0.079
355.000000	-0.084
360.000000	-0.088
365.000000	-0.093
370.000000	-0.100
375.000000	-0.107
382.000000	-0.113
387.000000	-0.117
395.000000	-0.125
400.000000	-0.128
406.000000	-0.131
412.000000	-0.131
418.000000	-0.131
425.000000	-0.130
431.000000	-0.132
437.000000	-0.135
444.000000	-0.138
450.000000	-0.138
455.000000	-0.138
462.000000	-0.139
468.000000	-0.140
475.000000	-0.143
482.000000	-0.145
487.000000	-0.147
494.000000	-0.150
500.000000	-0.153
508.000000	-0.156
515.000000	-0.160
522.000000	-0.165
530.000000	-0.170
538.000000	-0.172
545.000000	-0.172
552.000000	-0.171
560.000000	-0.169
570.000000	-0.165
580.000000	-0.160
590.000000	-0.154
600.000000	-0.146
608.000000	-0.138
615.000000	-0.132
622.000000	-0.126
630.000000	-0.121
640.000000	-0.115
650.000000	-0.111
660.000000	-0.105
670.000000	-0.097
680.000000	-0.088
690.000000	-0.078
700.000000	-0.069
710.000000	-0.061
720.000000	-0.052
730.000000	-0.043
740.000000	-0.033
750.000000	-0.020
762.000000	-0.001
775.000000	0.022
788.000000	0.045
800.000000	0.067
812.000000	0.089
825.000000	0.114
838.000000	0.138
850.000000	0.161
862.000000	0.187
875.000000	0.217
885.000000	0.243
900.000000	0.281
912.000000	0.311
925.000000	0.338
938.000000	0.360
950.000000	0.378
962.000000	0.398
975.000000	0.421
988.000000	0.446
1000.000000	0.465
1015.000000	0.480
1030.000000	0.481
1044.000000	0.470
1060.000000	0.443
1075.000000	0.408
1090.000000	0.368
1106.000000	0.331
1120.000000	0.304
1138.000000	0.268
1150.000000	0.238
1172.000000	0.164
1180.000000	0.133
1206.000000	0.030
1220.000000	-0.019
1241.000000	-0.081
1250.000000	-0.105
1265.000000	-0.144
1280.000000	-0.184
1315.000000	-0.285
1320.000000	-0.300
1340.000000	-0.354
1360.000000	-0.399
1380.000000	-0.436
1400.000000	-0.465
1430.000000	-0.501
1450.000000	-0.525
1475.000000	-0.553
1500.000000	-0.578
1525.000000	-0.594
1550.000000	-0.601
1575.000000	-0.604
1600.000000	-0.608
1625.000000	-0.619
1650.000000	-0.634
1675.000000	-0.649
1700.000000	-0.662
1725.000000	-0.672
1750.000000	-0.680
1775.000000	-0.687
1800.000000	-0.693
1825.000000	-0.702
1850.000000	-0.713
1875.000000	-0.723
1900.000000	-0.730
1925.000000	-0.734
1950.000000	-0.738
1975.000000	-0.743
2000.000000	-0.749
2030.000000	-0.758
2060.000000	-0.768
2090.000000	-0.779
2120.000000	-0.789
2140.000000	-0.794
2180.000000	-0.800
2200.000000	-0.801
2240.000000	-0.797
2270.000000	-0.793
2300.000000	-0.791
2330.000000	-0.790
2360.000000	-0.789
2400.000000	-0.786
2430.000000	-0.785
2470.000000	-0.786
2500.000000	-0.787
2540.000000	-0.782
2580.000000	-0.771
2620.000000	-0.752
2650.000000	-0.735
2690.000000	-0.710
2720.000000	-0.688
2760.000000	-0.654
2800.000000	-0.615
2850.000000	-0.560
2900.000000	-0.500
2950.000000	-0.433
3000.000000	-0.364
3040.000000	-0.309
3070.000000	-0.268
3110.000000	-0.215
3150.000000	-0.166
3200.000000	-0.110
3250.000000	-0.065
3300.000000	-0.030
3350.000000	-0.004
3400.000000	0.013
3450.000000	0.024
3500.000000	0.029
3550.000000	0.027
3600.000000	0.022
3650.000000	0.020
3700.000000	0.028
3750.000000	0.044
3820.000000	0.071
3870.000000	0.081
3950.000000	0.078
4000.000000	0.075
4060.000000	0.077
4120.000000	0.082
4180.000000	0.077
4250.000000	0.048
4310.000000	0.009
4370.000000	-0.030
4440.000000	-0.063
4500.000000	-0.076
4550.000000	-0.079
4620.000000	-0.076
4680.000000	-0.072
4750.000000	-0.071
4820.000000	-0.072
4870.000000	-0.070
4940.000000	-0.056
5000.000000	-0.031
5080.000000	0.021
5150.000000	0.082
5220.000000	0.152
5300.000000	0.240
5380.000000	0.333
5450.000000	0.414
5520.000000	0.491
5600.000000	0.568
5700.000000	0.637
5800.000000	0.673
5900.000000	0.687
6000.000000	0.703
6080.000000	0.726
6150.000000	0.755
6220.000000	0.790
6300.000000	0.837
6400.000000	0.905
6500.000000	0.984
6600.000000	1.073
6700.000000	1.172
6800.000000	1.282
6900.000000	1.402
7000.000000	1.529
7100.000000	1.659
7200.000000	1.788
7300.000000	1.915
7400.000000	2.036
7500.000000	2.150
7620.000000	2.271
7750.000000	2.367
7880.000000	2.404
8000.000000	2.375
8120.000000	2.296
8250.000000	2.185
8380.000000	2.091
8500.000000	2.039
8620.000000	2.027
8750.000000	2.063
8850.000000	2.126
9000.000000	2.269
9120.000000	2.417
9250.000000	2.604
9380.000000	2.811
9500.000000	3.013
9620.000000	3.219
9750.000000	3.444
9880.000000	3.672
10000.000000	3.885
10150.000000	4.152
10300.000000	4.404
10440.000000	4.605
10600.000000	4.784
10750.000000	4.920
10900.000000	5.047
11060.000000	5.184
11200.000000	5.304
11380.000000	5.444
11500.000000	5.521
11720.000000	5.608
11800.000000	5.618
12060.000000	5.559
12200.000000	5.461
12410.000000	5.210
12500.000000	5.061
12650.000000	4.756
12800.000000	4.390
13150.000000	3.463
13200.000000	3.342
13400.000000	2.906
13600.000000	2.530
13800.000000	2.185
14000.000000	1.880
14300.000000	1.580
14500.000000	1.532
14750.000000	1.654
15000.000000	1.919
15250.000000	2.203
15500.000000	2.388
15750.000000	2.424
16000.000000	2.309
16250.000000	2.051
16500.000000	1.660
16750.000000	1.134
17000.000000	0.453
17250.000000	-0.355
17500.000000	-1.110
17750.000000	-1.648
18000.000000	-1.947
18250.000000	-2.054
18500.000000	-2.003
18750.000000	-0.893
20000.000000	2.000
